0 277 316 1000
1 12621 4849 1000
2 947 853 1000
3 387 384 1000
4 334 376 1000
5 312 369 1000
6 2163 1439 1000
7 473 473 1000
8 396 430 1000
9 2621 1682 1000
10 340 361 1000
11 321 384 1000
12 558 506 1000
13 810 733 1000
14 147 208 1000
15 687 652 1000
16 1201 1209 1000
17 870 752 1000
18 200 224 1000
19 1229 961 1000
20 4833 2365 1000
21 667 634 1000
22 349 434 1000
23 713 607 1000
24 215 250 1000
25 328 381 1000
26 348 335 1000
27 1273 1090 1000
28 245 300 1000
29 163 214 1000
30 551 580 1000
31 299 323 1000
32 876 722 1000
33 390 416 1000
34 2878 1935 1000
35 221 236 1000
36 332 357 1000
37 267 308 1000
38 1311 986 1000
39 827 690 1000
40 265 319 1000
41 5399 3357 1000
42 291 287 1000
43 425 444 1000
44 377 342 1000
45 252 286 1000
46 623 564 1000
47 338 369 1000
48 597 579 1000
49 557 525 1000
50 220 254 1000
51 523 568 1000
52 1937 1374 1000
53 243 270 1000
54 237 261 1000
55 383 397 1000
56 230 270 1000
57 1166 981 1000
58 4104 2644 1000
59 552 518 1000
60 1251 1024 1000
61 1531 1072 1000
62 387 383 1000
63 231 269 1000
64 177 218 1000
